103020888 391132639 1360459624 4036254772 1671280871 1911687877 889078077 8068830 771676512
1443706150 1478791256 1150015630 2180700952 145951669 628666114 627563683 892651401 1385451170
665992099 1702037008 1984797007 834143991 3238891565 1374688652 1811962242 1966853253 544777552
1073831792 1331295012 1320445593 1063955328 1118794796 1668639183 1981372418 242776636 703725427
146966916 489493281 559837442 2494825065 1367150826 909449446 1753485330 724010876 384796827
306506901 827031764 775929466 737114637 590351566 2576518674 1666966525 1716109842 783998296
291159389 1012332344 115305905 3614657259 863104232 932059786 1441175019 1639896028 1007957306
679142542 158404479 562510666 4213455630 1049900298 630706893 516455901 1970366721 381880271
1061233454 896714865 1713175284 4194423830 1190551511 883733922 234195399 730603635 1955951920
937920826 877570551 297961553 1145600784 939874426 3152056222 1497758268 483572233 1021972429
1882555096 790079134 1849004193 2568996460 3340381567 1006407764 511000914 309562011 1417630387
1294999211 600721400 282479084 802463014 1851392569 3247129378 1410305116 2041896420 1922375112
270778774 573555314 2080779591 1634847926 3564680293 3497504346 833289440 1090011215 1903662664
1215169711 3761021 652893881 1079517126 1461880973 1277533026 780861347 237956421 1383497516
589329619 1175877247 113584419 34425285 2836108256 2002937414 887291172 526151868 597156653
1909263601 261223316 1387235787 2150382249 2360497446 3850653523 1610784147 772224230 1696797799
880930886 2067223441 150035551 2534654668 3592099305 602276208 1163409970 1330044909 44448323
938301434 1600823683 618003637 2927342583 419931232 8086335 871597377 286629475 1708014853
627776393 1501799187 1711775874 3001284614 4023249512 672800039 1280670274 135176886 1949732295
516684142 724506506 978125895 2727675986 2514307583 2649621843 630268562 1611797678 1504277763
1227425215 1373577632 1765501079 3157006133 2010107640 1477698070 467177354 836878131 390241661
16491505 1717809017 309981455 317500477 3096430294 836810222 166527057 733735340 1640026364
210975380 1672036774 1093366400 899317451 3934535116 2719979263 828979018 396150504 1379995875
389510223 1023926897 734311414 3318124186 1566823547 2285468127 2101286097 157113524 869488301
1903534745 673797666 1593994807 795908466 2390726624 1449304348 734176992 1304066228 1058308837
90971107 384007795 284402821 4150173700 4261636297 1806023346 1856472186 851185150 1121280952
99230199 867676655 691606322 2296848655 2496491386 576311821 409211654 1034203712 1425341662
2049238019 1245179093 949894788 3291071924 4215828775 3828343339 995120771 2074158111 1346045292
227632998 316184686 222488542 2193574134 4231259993 3447939258 961944413 269987135 379602066
1831432714 26038232 1053399732 1399309327 3779794115 418551803 1277943873 760215224 209982313
188769062 851186331 593990108 2557737582 2261633159 3134992717 473171884 560174869 1445175258
1594452836 659405069 165368266 3931650709 1422806185 1719849263 138575510 1068616723 1199571978
1563917172 970371094 297267423 2103385760 279029877 1281131332 366328313 1965491865 223941886
1712373605 45641216 540126572 1126827279 1473378513 2705601072 1934862147 1007585629 810113708
166980565 691534695 836151940 4085478259 1725189315 517587883 1220380298 1969478568 1596367165
1430362611 10763982 300069848 2509106680 300287746 156571282 2024352719 483935866 860244718
1322044330 2078388703 1519649787 4194255005 2864867581 3361010864 1487412596 69480565 440782862
539500926 1633397738 1411153957 4101073666 437714972 1132937412 836768350 1999726051 1229162174
1060710236 1564616008 1274803390 2041945894 1510291732 1414670419 1600836809 1351994508 134905371
263466869 1518975073 826440066 332530591 3473338813 246134160 1099618809 591871723 648434986
548502326 2022234334 659198969 1859932678 2167690626 1705018765 848572175 1899103406 1143134835
1708816893 1073664088 1074039890 2230979726 3470723763 2241857671 1080983032 413593036 1143520456
1521765894 953093962 629434546 3686538546 3518136604 4114710709 785436203 1789862312 481676949
2014598378 703088901 2046292957 17936771 4187728385 441463861 1141918120 156442062 1250803817
1276823492 419908931 622295243 3073349824 1381719432 964030507 2103263558 1519527740 1214166966
604214897 2068030067 1088917653 759539194 1987199304 1691540934 1263413866 769118594 840537411
259065053 330451839 1914201499 3987452963 2880691480 856661622 1333104944 1411434871 180310887
329141752 785717117 1133404849 1250248559 2831449949 1564570905 958576298 1571153321 775783514
1440253247 1438268051 1478872415 910656051 414145093 470027043 1339062556 432702523 1635314477
442382726 1709526015 2055223408 546729018 432226444 2355406904 1064677969 1665305926 1427267500
131361287 122037175 1347813919 2345513292 4267652337 286049269 1220278940 1385451041 2116932513
2060816351 1644516094 299900704 1950043817 2084949871 2080078368 1827534202 830137390 1711335575
2007845089 1159279142 349569045 3551209707 4058153990 929621402 993766291 2117855440 1920722366
1769549805 1410625039 1211506769 3867959841 2584129249 477949255 1100938572 602203948 1644209292
588769401 1044586674 1206251660 1247701468 1267092581 1849815717 496509161 2109264643 724073938
1923776661 93142282 846111113 786267674 2993070711 2061030966 1124106933 1313421223 84078506
1093555798 1226753926 1728594600 3200755325 2909929489 2046019639 1393456503 906804481 411248343
957308430 767165922 1570527485 1834484981 700824716 368117424 1306877475 1760932213 1540899278
1080116193 1382998370 804040669 877071575 4165455433 1575427946 144139314 336453294 1406244617
1788348607 925222695 303347643 1920414908 2972443136 480878084 847116619 1421731856 265128638
1571190557 1198024870 358270921 779752338 1963007754 1910488068 269818022 174648155 1671692144
353896528 1268203953 750962422 3626633245 1155524384 1677174911 2082491128 514176808 1657766903
346255823 1471485239 277449178 180524751 4140689391 1118199149 1916783309 630879066 2038381391
1310198939 1710995260 1273896114 3398261359 1222305512 3575924220 2114239608 1855134574 1610349408
1373000578 1495999533 388088456 2938775106 1299978098 4269760704 1676348221 195632504 1809820312
1941476860 1766823061 860361534 3597695717 3038447767 3791986888 152264133 2036641083 1035009689
1823956277 243053963 155729995 3065239220 4006514013 1838896853 427435051 178061444 669906803
2085201955 524317267 2141392042 1725504447 2370092079 2791608760 215167485 293616928 624787461
106065228 1603815867 188299073 3541604331 4021835498 2007149001 1379961342 1570571828 2043433647
842827103 796088758 1391949533 62777772 161137613 2169610470 1230915559 324953331 1587582037
893252223 118946543 1206921451 2844131858 1131546869 3133770870 1753613758 271210676 1096078886
641139799 2095166953 1339132850 2279777902 3083867582 2369641913 796869794 375118357 1517194294
1466776598 312836664 2041511561 2223980271 3363724639 1340128000 1460684992 528004149 187644842
2085472453 634069377 1791460709 3343235500 1904228943 238005151 126287878 2014030720 1214548889
22237878 709374175 2010637647 375707594 4097463080 4204066778 1414187411 1940289734 188107331
854285800 686058309 307053874 611757662 936012483 3627296150 2061207251 292188419 578264551
1009802490 933328219 525947856 440759454 4047884631 44877828 201451692 1730198013 901066213
1718645986 1049490963 1213902877 1724973028 3221266183 718261839 1612673899 362692308 1741907026
1800318741 300681113 228492756 1748117283 2203718094 1700230113 1444295803 426968992 95039828
511361044 449206870 804414003 2908481166 1458578703 1059226848 374515044 1863394281 597220089
562622375 570196433 1283278398 3343523842 1956259762 4233693539 869676249 483920037 1575466818
1447940800 1493722527 361311389 3154799571 3831139788 141310489 1973888657 1695174219 2091509402
727471222 1266336557 993516718 3824030550 496412242 1822821251 1941374100 731526808 1356209026
1535797478 384361902 1656890139 3764511556 590223392 3150991143 1764290234 1828657705 2083859131
1859330062 192535101 385582353 3799688526 1148347657 3656260554 516260417 567050145 101492986
1113480506 1129672520 671689420 1370437691 1853806521 3176707550 249275257 1999348770 1155609457
1824742075 1299805922 501848336 3701938940 1467286279 2983672382 38569816 1126210931 49538907
2130079218 1853682154 1315875464 2356057165 1099321451 549294117 976112288 1647572606 2047402272
184837666 1035886436 284280526 3512461703 1666241329 1766178547 1841727806 652693023 2112938231
1778103289 364539437 157989685 3055093068 974297301 63406373 16201995 880799855 725039830
117694981 1994280361 1854712351 1332001666 528775469 1617634709 789384401 96071970 1706577473
1944993858 1920814045 858899747 3362696363 770991774 2961575232 299358546 1959383861 1985110679
348897453 1941979432 1691309185 2535857409 2270080284 3630396122 1664772917 770608072 1191398143
1564691542 955445739 79800931 553939027 2983282686 2585352135 1848972068 649689897 732493954
1814426652 280309538 1097033392 1213579153 1274451680 1274020532 1972416337 296511533 1977833247
549972519 414206515 1824629960 2463731863 1407124212 3741903026 257201222 1203590916 1920701931
1963778695 1001101127 1694032328 2492991731 2778652699 2616574637 675194795 1300459673 1505932542
512821826 1649357127 1300428326 2717017955 3691763649 358254894 56647363 1166646396 2071036398
1248045506 583854290 878998489 2489457320 670596 4165316868 1327846437 285342711 1528688386
2060340392 2099769363 1808997925 1128932355 2856697703 2520423414 1009890136 1924702052 2105509458
