156255056 1931087289 842019909 312510112 1931087289 290229261
1684751755 898231721 548715044 3369503510 898231721 2299014446
89852626 1193683307 1596738375 179705252 1193683307 3520580370
351188482 1721180591 1031017285 702376964 1721180591 3511639300
115288116 409537892 1990329488 230576232 409537892 605923457
2139393029 1651374004 1556484595 4278786058 1651374004 2094477700
893435015 383573743 1953549744 1786870030 383573743 1813847091
554166777 1493874099 1968678531 1108333554 1493874099 2698860009
1066603913 1101546455 481679555 2133207826 1101546455 818359670
1325395283 1573662768 1020852866 2650790566 1573662768 2693740094
711358716 1729917824 804456507 1422717432 1729917824 248249538
1553378625 1267185932 1702688229 3106757250 1267185932 2035900221
2102093669 1357038558 748887888 4204187338 1357038558 3557501127
1551348397 1708227040 322584832 3102696794 1708227040 1074056848
434882034 1823515156 732122724 869764068 1823515156 2567629011
277727875 1815424538 236013081 555455750 1815424538 2252571729
1834212470 561375905 619586824 3668424940 561375905 1107901321
1640278566 1115542682 2113460923 3280557132 1115542682 2933882422
1461473449 34662948 1067523730 2922946898 34662948 2760894535
1943153005 1360058231 493702851 3886306010 1360058231 2965855059
816522223 2071416947 76137027 1633044446 2071416947 2428576368
1620978731 1477311925 1343322959 3241957462 1477311925 3553887326
1176183312 1431921946 552877869 2352366624 1431921946 3410509071
1925071200 835786695 113621262 3850142400 835786695 1132573038
100172384 1270668730 1937136418 200344768 1270668730 3365723542
832295109 1548396605 1605077308 1664590218 1548396605 1326967522
1068308190 1235125427 18969566 2136616380 1235125427 4152379484
1687895014 727920346 1134512248 3375790028 727920346 504424402
1653872289 41910147 1169175196 3307744578 41910147 2802936844
573912371 1985063152 381749780 1147824742 1985063152 2231742530
1067615222 654101728 305683079 2135230444 654101728 2714013206
1143752250 127596811 1782995004 2287504500 127596811 253399446
339591561 1303780123 1067433303 679183122 1303780123 1439688687
892469431 1081367675 1903219998 1784938862 1081367675 1201429557
1006090693 1181540060 1026405080 2012181386 1181540060 3054455660
795743463 2013835169 427318037 1591486926 2013835169 3309723158
253337124 934659711 1662443465 506674248 934659711 4065904055
272306690 475071077 242880163 544613380 475071077 2831392387
1406818938 2128943366 284790310 2813637876 2128943366 2307145315
428510487 555372089 122369815 857020974 555372089 3317813965
810260267 1622987312 776471543 1620520534 1622987312 4257976832
1115943346 619255914 904068354 2231886692 619255914 1083013311
751454703 958847475 60364829 1502909406 958847475 121693766
1818888006 1851316906 1141732504 3637776012 1851316906 638649181
1574624356 709923951 175788916 3149248712 709923951 3707936404
453545789 1505667415 42140437 907091578 1505667415 3309347008
880863826 1759004539 976800148 1761727652 1759004539 1695452722
395823643 2031311229 1451871225 791647286 2031311229 4267025010
638703806 1290646519 1433330943 1277407612 1290646519 1070947257
923494117 1719157006 1988703033 1846988234 1719157006 3462242892
1045863932 381933625 1464206697 2091727864 381933625 1515573633
1822335475 1497876972 2083462611 3644670950 1497876972 1960774599
578920181 101848027 894826438 1157840362 101848027 4052571517
639285010 1920736033 598659697 1278570020 1920736033 2622024628
1781017514 1347876741 1308583648 3562035028 1347876741 3088285657
1956806431 1801422530 666767415 3913612862 1801422530 231337860
1998946868 534802709 278288306 3997893736 534802709 3968083349
828263369 930626352 162115887 1656526738 930626352 1271032428
132650946 1569330159 1452762407 265301892 1569330159 1238738393
1565981890 345340628 1024435765 3131963780 345340628 2370782185
1407201275 1391204560 1406369391 2814402550 1391204560 2614424799
723924324 1066056387 756762715 1447848648 1066056387 382420690
659903287 1644976568 858610742 1319806574 1644976568 227330903
1554729725 136777930 631863127 3109459450 136777930 3586746973
5905774 1917795444 1979739868 11811548 1917795444 3072163867
1314489423 1727118227 1633678751 2628978846 1727118227 1742231549
1981256838 1578581448 20997812 3962513676 1578581448 2902478873
112061497 259361169 951624164 224122994 259361169 2030972456
274177384 392012115 373470675 548354768 392012115 1959104685
1726939791 1957994005 718811303 3453879582 1957994005 701150732
603891909 1217711632 2110015863 1207783818 1217711632 1574924562
2010261300 1941635956 1028588602 4020522600 1941635956 244274113
619540367 454055595 526081522 1239080734 454055595 2089277143
1478151109 2008785321 662859452 2956302218 2008785321 2936660123
2110014236 2014691095 433171249 4220028472 2014691095 3427169386
1942270456 1181696870 12805828 3884540912 1181696870 2969579737
1428465559 1015470061 1591387276 2856931118 1015470061 588756649
1449463371 1127531558 1850748445 2898926742 1127531558 2270925835
253603888 1401708942 95276913 507207776 1401708942 3695274867
627074563 981165086 2053270918 1254149126 981165086 1637783707
1345885867 1585056995 1123498903 2691771734 1585056995 3855662542
1308418082 1447834647 917651211 2616836164 1447834647 3268258959
189523037 2067375014 1371706807 379046074 2067375014 1842639013
715604559 1398042475 1233008480 1431209118 1398042475 3625082765
1378464012 1360573063 1100215927 2756928024 1360573063 2647680253
1811635261 1155359871 134429150 3623270522 1155359871 2005008590
1824441089 436341783 1149899211 3648882178 436341783 1926308484
1268344718 1885805154 129947121 2536689436 1885805154 2084695989
971609515 2139409042 1531656063 1943219030 2139409042 3755397837
1066886428 618999958 365337501 2133772856 618999958 3880087974
972673699 1964885825 1950394496 1945347398 1964885825 538775594
2096172602 1125820259 1250745495 4192345204 1125820259 634561335
866340165 1315343296 1170636861 1732680330 1315343296 256995744
90563324 2030947856 421195688 181126648 2030947856 3926279867
1323571804 1261928220 1781768751 2647143608 1261928220 2346355944
276304084 926079833 789644975 552608168 926079833 2882257985
410733234 603037274 1225986758 821466468 603037274 2979153092
1560632445 1871381992 964308264 3121264890 1871381992 1242455691
1690579566 695507860 956233659 3381159132 695507860 4006494141
1074751981 1762394288 1575233617 2149503962 1762394288 341276938
