1962582951 370796011 39547323 1172145274 702296966 3425589380
1456302903 1959925274 1169878900 2220225868 3818951111 3412997349
226294411 1294799514 1393692324 242144472 1618832509 787877557
1686500588 844336922 401706310 173796963 150781370 91341752
1331324057 1792763648 1389681342 2173820974 850449196 975489193
1049798594 1852575075 1901670847 2892735051 1759911724 1612030021
411871187 1897384670 1468847780 1879269940 2412475681 3544745232
760830454 1278900536 1624416581 3511302602 2528964509 1288562668
497291315 1943513148 39786054 2078889592 2453368607 1658574764
1195075774 1168761636 1473056354 2331127037 1990006531 3567105244
180495108 983860939 1843852365 2080035111 3330921999 858557307
220042431 292680194 1656293991 2050722579 331361324 2710200412
1389921331 518974605 803609858 718418127 3496536484 1354047346
636130007 57991545 1647946780 4261684413 999350539 3972397436
1037836317 1389315602 1293226780 2628851223 646428484 4261539891
280034011 291630549 998318207 3441485185 571959636 2469188035
34221211 703501736 748219230 1502377481 926460886 1453520028
1503068991 1464332190 2027119766 2864648055 2445651903 4063780212
980001924 1961623506 1823149267 724073145 1930420745 2829698123
1019787978 1009215632 844427255 1459806608 2120534175 2336398628
345360685 1189710740 1828288194 1631445492 2596575648 2319054750
41729402 1409753171 2120968388 2587508776 2306170242 597348514
1698023394 652190854 492459346 3733746492 2096081801 4240113669
354149604 1288320861 550450891 3231415712 629075090 200283067
2002096384 178673530 1939766494 107994984 968062594 790327449
1147839516 458707542 83913395 2925023573 3961268366 2111472259
2146157723 492928753 787415131 1513138125 3700798209 1102939938
746893305 1995997744 104263673 2784150828 4173960191 4078797419
626529424 828516020 2065887179 305594925 1654273510 758488545
302195043 1848303999 927619163 2685016065 2696918296 2497322405
1146622298 46181036 2117329903 768454510 1847999532 979458216
827426844 87910438 1379599426 2750909208 2878629274 4062853961
800911584 1785933832 2031790280 29228686 3317454971 2965907304
1293370930 2140083436 1172627493 1041220244 3110841054 3113537919
1843821822 1994696172 1351301024 273670758 1994529316 1910363287
1636104668 995052040 1810008566 3787259948 3267308498 171444687
1720018063 993726116 155453671 1244404815 1140585557 4088734798
359949546 1740619421 3967767 3875264497 1611714331 3306081324
464213219 219665197 832483787 4219127116 2861470065 1173645100
382616751 521860240 533304138 2641591841 2026443712 2781103530
1310235914 1668482538 579485174 1938613399 1202975482 2294766911
1280082170 348425734 667395613 2511134496 845627810 2434401924
512197948 1149337319 305845797 2990075520 2291821138 2703809853
396504581 295224601 298445586 2037966621 845835458 1392013090
1569132074 2139046423 145658110 2194824859 1286459930 4223675592
772949450 1627667443 1140710151 2935060952 560602160 406988696
435474368 1200201858 2134436267 2470755668 1041643374 3823069200
590928039 1560151404 1727572040 833476107 2206461903 1569352460
594895806 2024364624 1947237238 3129054213 3056332456 4191280059
1427379594 259497727 321613830 454163374 1759164132 2998515594
1960683732 1569733641 1990096369 39472217 4166804336 1755726391
392685259 702332163 191038455 2159447090 3383699233 466296492
1060080872 1214530112 1340375774 1343776450 266599699 1562001476
1365926669 1611034693 1635600376 530561882 502530567 3063590056
1664372255 1032683119 1627163151 250584205 1369506919 2756335978
1810030366 1805632570 1107346947 1251901580 4056432817 55452346
803256869 93623290 160065157 795849649 3301478296 3709906626
790209488 684551330 1720216562 3392628905 4205667860 1965529029
370297880 1279447136 1597097538 2013078188 653442820 877765545
170051470 559343082 1856595265 1221321849 4166772372 2536365394
491665301 372543167 1278845258 3891566125 3421547930 325068684
334278022 765228426 1981177422 3911924709 1360387364 877809251
525316477 1825309298 1048223886 1155626358 2397114139 355851526
1865692252 1043752319 511774931 3355342319 49823161 993707364
1353808980 560640927 1544458050 4220995955 628941882 983176533
833488483 223187645 1202606972 2501823543 2487916928 532718751
1940835430 1026444514 1296230263 2654706739 942564818 824663991
2100900588 1816654002 1980781593 779006156 918548709 2929713046
1673633502 39468234 1112745081 2840873330 3589720765 3022319340
1123247392 209519705 1672088164 1357031009 2957222713 3149227786
832359009 701185006 2044631331 2048538401 4171712997 670695049
2111204267 1035463028 662376109 4159074725 2755299167 3402827550
1944898041 1560779505 340201759 1664569869 87049459 159826439
845638279 1278988109 1383954078 2088575694 2398637670 1507635726
1357413210 485313441 1944595005 269274098 2722850580 1364419799
754387613 1318801925 20299002 2535602999 3280821883 2985802643
1956994585 1112153707 1046743516 3848468455 2412823028 2241854591
1105741200 1065570647 715913870 2083824831 3986631353 1651962977
939039145 591720501 755382105 1052661290 4108299532 1747396103
2051784227 1714967893 964901810 1093896631 2423082328 3763323147
1576388743 399843254 1666086816 3250096362 567210542 4171275675
1473536426 363563874 554066196 2754198150 2211116044 321249188
2135912535 160978267 2114845701 3014928134 1556815600 933507836
328630646 1006616547 1246350163 1330679788 1142218267 1522591460
1712584724 216546109 1731663604 2202477221 529533960 2580232809
1509696082 970933722 902981881 720506567 3482346597 3468149037
1529995084 780444660 2015135589 3251431220 2491295649 2127273754
429254953 1886185860 933222588 3800219088 3580137253 2697974362
1145168823 677741358 1524943090 4267406541 2318036243 2179745757
1900550928 582041937 1092427335 1879720841 3466353310 3999706033
717969090 10947032 1492270590 3005016633 3593906786 2434977347
236572258 1484483458 1855834464 2230348130 3562056403 2229758114
790638454 1472912345 2016812731 2776487067 2382713981 3585128132
758000508 1801542991 875945630 3796012679 3281465863 1450188031
2004350671 1366644067 1092491740 1806277850 2329012671 1282651315
1588530627 728856501 2063425462 3930557166 1704305087 1698570903
344028861 111367938 696386474 2294863921 75715305 2160407375
211680802 540622891 435088687 246491324 4239253898 2990925065
1144903390 1685791714 1112830045 1991795610 1168850976 3036862028
522362832 1438858995 1694871982 4175743925 1475350770 491913278
