1267414558 472217342 1657890455 2274550477 472217342 3315780910
1905257697 874545049 312399280 945579003 874545049 624798560
299593757 1388028267 1440610757 121927388 1388028267 2881221514
1504227944 1707258656 1584864655 2585160236 1707258656 3169729310
525388649 980113159 558756649 3662140466 980113159 1117513298
1959365638 1908785499 1511165606 27079267 1908785499 3022331212
397255390 2013842352 1933725674 3079007080 2013842352 3867451348
1866740574 935440527 866785197 3617313036 935440527 1733570394
2079694669 1688176750 1858583372 3546217831 1688176750 3717166744
1084329203 1072541014 146036921 1020274787 1072541014 292073842
756094846 192471924 618254264 3750446149 192471924 1236508528
266501654 2097729621 1492799313 2240018591 2097729621 2985598626
578900934 249839730 733343932 4052262996 249839730 1466687864
2019511691 1754067675 293118940 1658722259 1754067675 586237880
1456892698 131972676 1273232099 3331700122 131972676 2546464198
2015649347 2091338314 1034533950 2430470423 2091338314 2069067900
1379331305 341110057 900892655 978619835 341110057 1801785310
1165573332 60366983 1836333182 890330703 60366983 3672666364
2032358529 2140061653 1377026284 543049941 2140061653 2754052568
1743458254 1076907208 302083650 4086954691 1076907208 604167300
1889495175 1833002055 494555575 568076250 1833002055 989111150
360265791 2099503709 444801548 264592974 2099503709 889603096
1853065104 530920995 694641279 3827014881 530920995 1389282558
438925388 402949038 301225306 319195742 402949038 602450612
732044329 1859841736 433197982 172681351 1859841736 866395964
2005276428 1728007435 377052648 3273515397 1728007435 754105296
892326731 959855092 718162705 3536669684 959855092 1436325410
1793219386 2125428424 778529689 3466246294 2125428424 1557059378
1482068920 2010303306 771107694 3994424740 2010303306 1542215388
711611556 1606277912 1848014902 688560789 1606277912 3696029804
1013695207 1348289439 1533533309 3117357808 1348289439 3067066618
1508250782 1708555231 1485553370 664172933 1708555231 2971106740
1953052330 1414136687 2016474365 2862422605 1414136687 4032948730
500209961 1853062076 271939755 1246196774 1853062076 543879510
801435267 437622757 2131781491 2697720123 437622757 4263562982
1234633249 295415537 1712305278 2287101376 295415537 3424610556
1611685898 1187742268 524676723 43516952 1187742268 1049353446
182364955 833478006 502621499 3334649770 833478006 1005242998
960894644 168063278 365441157 2903396741 168063278 730882314
1732002338 879674835 1971719069 2291781392 879674835 3943438138
1432533593 1893370042 1172524861 2522175662 1893370042 2345049722
818583254 1254137176 733596444 3045864101 1254137176 1467192888
156652977 1059705858 249483 1816286613 1059705858 498966
25643694 1559915820 1853311559 2877317586 1559915820 3706623118
297583450 213867439 143450668 3599003440 213867439 286901336
281881293 1448500689 438866206 3007591242 1448500689 877732412
1994186572 912702939 1626608474 3541940023 912702939 3253216948
371379647 1095067894 312602833 1875216563 1095067894 625205666
874001146 2055962539 480666111 3196913164 2055962539 961332222
1239442304 1640481229 1360340946 3759306776 1640481229 2720681892
1063677725 925531174 1106227340 3343899035 925531174 2212454680
88718938 1744114429 212880868 2525057647 1744114429 425761736
822315382 1900767406 1272586727 1569472738 1900767406 2545173454
822564866 1926411100 685018899 9191894 1926411100 1370037798
528392777 76510902 898886338 2454183848 76510902 1797772676
671843446 358392196 199903379 495583969 358392196 399806758
1110709652 205095120 1112606318 1695583493 205095120 2225212636
589834478 576474767 60190565 998820362 576474767 120381130
902437311 1450475913 2116153104 1875735174 1450475913 4232306208
1383103423 542434569 1609150685 4023688222 542434569 3218301370
595960721 1606112295 387198212 3829981544 1606112295 774396424
1702188062 1694831233 2131312641 127491413 1694831233 4262625282
1915068930 369662968 1884596399 2157742440 369662968 3769192798
1040172009 1192227834 1663523851 4199514096 1192227834 3327047702
1725190908 1720620611 1740034754 3206133012 1720620611 3480069508
476593599 244980409 2098426950 1875319311 244980409 4196853900
676496978 1355690061 156038422 2492077217 1355690061 312076844
1789103297 1945524540 732513189 811247843 1945524540 1465026378
1849293862 700478203 35505454 161189503 700478203 71010908
1817963318 2083581626 577940024 3449493242 2083581626 1155880048
1279630355 532058700 36568671 80941415 532058700 73137342
1666828567 86763114 1731399904 1171838578 86763114 3462799808
1650657560 2001832044 2101062872 1176017090 2001832044 4202125744
1387770311 894520406 1145807058 1909763564 894520406 2291614116
903810515 472227666 718944022 1959622595 472227666 1437888044
496361621 948821265 963924431 625436024 948821265 1927848862
447304923 1625318244 172130845 918989397 1625318244 344261690
603343345 1266937893 2117655385 2085158290 1266937893 4235310770
1335856534 968748107 670649940 1704191971 968748107 1341299880
1371361988 639227777 606747919 2970906452 639227777 1213495838
1949302012 1918858132 1138806619 1058868223 1918858132 2277613238
1985870683 1438203052 1225569733 3604846462 1438203052 2451139466
1569786940 941376964 1079918129 253191235 941376964 2159836258
1523366164 181663628 1974438535 1159115566 181663628 3948877070
521689575 1085474143 299182554 2043135510 1085474143 598365108
1240633597 1581835764 1248003819 1062370468 1581835764 2496007638
57074380 2029140687 725838415 3003177400 2029140687 1451676830
229205225 485000384 1992776308 977496665 485000384 3985552616
199376962 1820856918 814040767 277018768 1820856918 1628081534
870026903 1044735258 1453268544 2781673187 1044735258 2906537088
1476774822 846553623 1224643029 3918922098 846553623 2449286058
468097793 684940658 515362433 3225876902 684940658 1030724866
1693667526 107243950 1456739397 832126164 107243950 2913478794
626102007 1630610115 1638403025 3184088163 1630610115 3276806050
453056895 4816042 576393520 1606860870 4816042 1152787040
752239449 1245449639 10745636 3595253136 1245449639 21491272
2000243268 1302524019 2039886323 2434649682 1302524019 4079772646
578598036 1531729245 377403059 621322029 1531729245 754806118
423890696 1731106207 50776329 3255193859 1731106207 101552658
1237931464 453649462 1095511588 1913811541 453649462 2191023176
