1919388516 198538319 1401607960 120479026 1837630098 1220082119 332511566 96214054 1295927070
1329361085 1597414619 854531326 2353155276 3215784898 645202894 2083492272 203659676 318257707
918292717 259187208 761888991 1325368410 2290536611 1950693733 348144482 1172375890 1026144482
2034844374 1768916438 106471534 2742163035 3931701301 2888774840 306961771 1297658960 1578999875
1671641149 1729687899 1599753217 932563476 2238937566 1203310624 536598910 715527956 1516122436
1354258038 487432825 1714660755 1599661058 3823431350 3227221440 608382350 819944391 1810874809
1904309420 1821828 1260805780 2028453809 1777448 595328292 611357098 2085314100 1464465456
929614805 856123170 1723652664 3910197883 772123740 3057563563 1691503796 1204267652 748544906
570164631 1091628378 369977696 829403149 1692603913 1340113217 676636165 1398590149 1667636656
108152392 922747650 1249840908 2326632352 3790214344 3434531821 1707905609 1459346560 1965368864
1076544398 666120950 305318041 3409438387 3225902983 2988044904 643721505 1274503300 1125262433
307112667 1031329072 1127084261 2514650644 1754747599 1871427029 1567918447 1642686171 1064914714
884900256 424817328 1921037884 2926719933 2539929293 2051689339 461069272 2116321125 977821888
1209614179 539002108 2069450266 2028147728 3961417190 896111783 1579591875 1215638273 1320556767
1099744884 1323790665 95820769 2620140344 2840046515 2011814456 202102144 884212626 1555167329
19987360 1960757024 73804631 1006606838 145930347 2639173484 325305402 456994882 1348307931
1450567835 764107549 232153355 1717329135 3418195633 2528044839 430168448 184542348 1874839526
1495083162 1069442604 152173207 4249029912 3845965405 2473814688 1268637398 1530511877 121010684
98975638 592642408 660012792 1084830683 3003564603 2086943633 20942256 24750635 1875651065
1341499023 1124495519 1051958082 4251112094 1862317426 3902657155 1437319792 1326597663 1936170708
845003473 1346585024 1749444085 89724432 1582607018 953054630 918808104 1671890426 58955319
119632387 974974613 823062868 3317966153 2929163472 2274151970 351785743 1405143061 1007605216
79141621 752742576 2077047821 933501366 322503632 3396064866 231314828 2021379974 1460076050
352325512 2120355613 2052718458 316897509 780978961 1517684587 1012338304 2141297869 2077469093
740505721 1335313245 1054480965 2163469487 3258124518 1437361218 1792463803 625149389 233594980
1581150864 1470152863 1580180004 2560329444 1142433797 1846719350 1183111301 241477319 1104586782
1242066620 361109707 2079561395 429318701 1882955494 2847870422 2065129488 712895450 1337220809
925251056 792037071 2089963385 3296253276 4273251814 3109344165 854815229 1023351900 1963859711
167407631 1375677412 1936731676 3261108180 3660528922 773695195 72642441 240532069 1930545898
2627887 981037790 1118375495 2702754382 548955925 2011489007 1057108852 626017946 1743524884
1290703832 59685162 1066194099 1078724986 2007655323 432149359 723400189 1242796463 1307671419
1827986971 337379435 1668781126 1552918698 412890164 3146500241 1760064719 255025275 234192928
949801880 1180276331 1026229999 315322409 707604035 2910943914 892281617 2035091561 2049581899
708657680 55015544 1277775664 1419949954 3983980938 1636928735 497905709 127657986 1518307733
280967959 130285873 351861875 2400222259 253750708 3942789958 1399343454 1187394725 977879821
995384690 330614909 1037564983 3576145469 709327139 3397595540 2061578790 1054015098 132877798
1221766561 734518422 470257233 45399055 3783570345 848235238 743064039 347099493 725282508
977256967 1296901373 1905558840 596885242 3880451395 61848858 2003486966 41699342 1793166753
1905585218 750357022 1848182297 2689895267 1371138428 2142094678 1035877234 1248262731 1975840283
406701319 1529230690 2106126156 3009425794 772733739 2799679614 758563194 781090496 1146037233
1736443016 1776475187 1476652143 2116470798 3067521070 1741182024 626524351 1690570329 383183593
759402150 764853242 1117702015 1411157561 4123614859 2347501801 1229659383 1507917281 1464801508
1954941892 337690600 614219233 2688295404 1982591217 1038414061 1713017084 193693918 655918575
1358700189 2099279136 1406275598 75649928 3772451211 3582599493 1059398838 987672722 507054681
887755474 1394374041 2036285372 762090657 745392854 2785217211 846397982 5453588 669892220
1992435216 1741896604 298883759 1534200632 2890376072 3754007345 1321603711 220937307 1989454088
1704787304 980339457 606823682 113399407 275722878 1219750286 675005672 62515193 2114740963
2139807180 2017457085 304947915 2823383718 2386377140 1954077347 606542766 1582990521 498641834
1262461341 794207062 450437322 1839385149 606372898 2060708994 521253291 1853605900 1438110045
1028307973 593877726 685000438 3870080174 2243567764 2051423995 917109697 1440275709 690454026
1587001917 1285227277 284866982 3519753506 473174310 3543916013 1885885677 459347340 505804290
1727856117 16650996 1486143747 735119189 2663417848 613775203 187196152 691656668 1548658940
154453467 683980201 1418632377 1454314121 3209317494 1576481604 459401383 1290522967 854139250
958043217 405500660 1648346312 1158588015 484902313 1083581659 1408480539 926753952 1354468565
699106936 1955061925 1948346291 21324977 618110507 3135001041 1384107375 724687974 1241138352
2074561401 164206243 378881981 3169784742 1272298564 2458518524 211944736 2050091920 838229321
717749026 1630464390 854880318 2309037937 714744954 3512149814 56409125 1817660542 1546536986
1605068066 1972114009 83033539 1949674087 2350994984 3389787291 876216795 284031744 1373556506
1730356046 1242074961 1779057167 3138432113 133440406 2163402069 1231218710 503071853 558327471
438203627 1202178789 365905748 1288158863 607810625 1936337102 239066271 438802516 1090593722
1480204623 365880270 1254799965 1409978430 4221036722 512433633 1859086605 577825006 1157408238
549832278 1295574032 640388980 1455176401 2782239495 2388008958 1404712596 1351983157 310565874
803765935 809567575 135196235 1296020230 2283801717 1201297035 886799474 1685784371 419227980
112872333 1268656769 1661302941 2847734256 1819833821 1188119989 1891929500 352391831 16891146
302773323 790595459 1219069936 143769170 4148671648 4054387218 668679071 1029661730 1657872452
1759272793 362382705 2023752722 2342935887 3179718652 4225073963 866589110 73985662 454094080
2023997348 623817941 1749668112 207711933 4071401240 1767000712 516902680 2028530537 954167622
827468554 684812824 1763735197 1197911195 2868830119 1232263751 962664790 1571612299 1302035920
1381892770 1684484632 423209041 176072672 1193916165 1265428602 895712063 1428930484 775600873
912603210 1731703807 1566196332 4119268992 2029555550 3874397997 2131673146 252899230 448374414
1642061950 2012172023 810757119 2784554588 2678695865 2238685843 1518331025 731277485 884742782
1972425105 607791186 1508560723 3399904440 278979927 2721932113 1574609570 1124693866 1389607612
381293544 1952162421 2074420437 4199264557 848643010 215533745 2145028741 767343563 1498549088
1299581014 1752685 1035550072 2334853699 1233378022 2839568254 1722790055 897464748 316996908
350907280 1810067958 2048700715 989732544 3016047725 451896679 1917103612 1794257456 154116297
217994378 1288835759 18804672 3873844281 3509765534 3042969531 1028751498 659683136 750082157
1913494280 484624593 1357873343 4114010675 3218063917 3518340339 1274571355 2059234163 335083562
516695319 293044059 139762335 28779897 240126605 3739318485 443632108 290589153 907105898
1942181196 1590170167 908858583 4137794227 1150023496 3593452243 830247620 1165476574 1806323331
1147244528 1516383855 1468907642 4131623878 1015710819 739359232 1048461595 1286003819 1115681450
1202577892 1503998198 257033561 2977221739 3185655814 2460377412 1221382564 385266048 916716697
1971464722 151276680 1401341291 847167356 2308148722 150286907 1181854417 1425848035 1313091806
1516937979 1942543354 1606135866 727048794 2031731514 2066671140 1656700314 238691815 1896725019
416322564 33389363 1339411538 339790944 69179006 1584005966 1325181147 863636984 357404464
984020831 2010881512 1873788319 378359477 588345281 1376878508 305444825 911859460 1012308491
1421126275 2114437352 368823041 977615942 3287291238 653871237 1678159837 1188336269 754089089
447392886 1012317343 905365769 1754534801 2477777552 395184726 1848734177 46688112 183730156
1014342336 1563626092 2126273510 1097658274 2426311134 233476691 472994554 1072842758 217481677
222235925 1489165323 250871041 1093307951 1091793009 473975680 1561647463 666862822 1114508025
1919051927 1650883653 977905889 2758552957 468392406 3816278174 1645356599 1956328478 1889765349
510181442 1229971106 1856719054 3991554514 1385446363 1387494101 879004483 760647295 897571675
1633093572 1208040181 1909889018 1191014987 4081079064 3244050855 390975693 909290711 1956577130
574705849 1923633047 1372719574 811345675 631732452 506136562 553495711 249143953 298078685
770977389 471379878 1787244008 51037609 4130269651 2968835626 1021848430 2033027341 306623182
2136356455 1804595620 1957506836 3542478405 397213103 2937976029 966778696 1302468571 1766351666
709060398 1812650013 848839124 3648193619 3858043309 2180014545 418295804 544170848 1609486419
1315867479 29780772 670042953 2153825875 2292817928 897724982 1078272849 420756465 1579333664
887366331 995462314 1355483063 552504203 1539746085 3717751001 112602258 1548958026 1604627016
410680943 172451767 2076006894 2099161417 2922718199 103262316 50441303 1194300197 1961550587
357064485 1183173004 1618662559 3564298304 1612185033 2777618791 167087673 2468052 773647483
