1883770615 1984930102 732037387 2249715969 3656929341 3529138164
1152822198 448545711 1940357088 3662309385 3780328518 2521874454
417262932 2142132592 1220060048 3878793259 2417486539 3496430671
1799376486 106204050 753698525 3155670484 3131784271 3607623858
1126315916 50015007 686903569 2497550451 3188126316 3621234429
357915467 516698043 236405865 3938051316 4034120518 4217413414
1987505175 1166054403 2070422631 3017880460 3194594284 2232929176
1989930137 2085073397 1949785114 2304008044 2167467659 2207036033
1758080973 1691247642 895526993 2249545843 3552287849 3466270652
950981773 976187214 1944857784 2257660866 3453108404 2383607813
363035009 712474181 1782304239 2857633748 3221795258 3213898836
1095072397 1865296379 83366302 3194656118 3520379909 3576557331
887945837 135075664 78015246 3484511644 3350886606 4082668001
2108005885 1934452150 184219296 2330521602 4189557524 4149045597
714220762 913284418 234234304 3707632549 3952109223 3865331519
1401124331 1271199885 750932347 2289994598 3879347186 3682150016
1637530196 1111221413 1916986750 2921678065 3160146266 2409389600
1560469180 953667902 1854576499 3841271554 3592971853 2980080014
1362770646 564265228 1398340494 4238163883 3732930211 2351367545
110813991 1515247001 227044060 4243404444 2814225221 2855764411
2055671775 1878282011 939518241 2507362304 3624646202 3446691550
1690492366 825870760 657330973 2637901860 2382822037 3387485378
1773858668 1713816597 792406637 2673621755 3646553834 3602961795
1851873914 1674338835 579375139 2443064741 3495090100 3707457501
2036093211 241075949 1492659557 3590555620 3500484872 2701481086
122843867 1642200281 616375795 4239494150 2640073006 3152238092
873776214 1132246829 1727597208 4016714553 2894564500 3664692814
643279316 545232361 533781462 3324517437 4287056406 3758567424
350372167 1908003007 1098046690 3948917496 2596679237 3751064485
1748712661 2018816998 465810044 2487730994 3885187224 4101557921
1975756721 1927005126 196608407 2199672927 4184316441 4133469742
767791315 1470013844 1022479167 4200408327 2841857707 2433881540
1425122288 1096388865 588812116 2299417179 3930541662 3723452586
70045277 800779131 115667303 4220985766 3494714012 3532206010
649420416 689388694 356743253 3440042302 4099720681 3820922812
2142079973 812232561 1998943534 3344311316 3340687951 2291838657
610972120 1686008775 983706715 3239395903 2680757688 2236191139
191085680 181804443 1528939077 2780660171 4117487188 2756328497
724867143 532176611 1289458436 2491999932 3278088543 2813078107
1822913833 133405624 1160791787 3545812629 3498792263 3114218372
141240229 2109162346 940313265 4154249419 2183895441 2993140996
337848636 729470013 262843461 4015849091 3296996090 3675097019
1360327803 7108653 1359232326 4293594822 4286793707 2928921277
1949139920 77153930 12527810 2348045423 2405841509 4291859255
2064807223 726574346 701916504 2222836376 2259765970 3596950191
274066828 721170671 1514149066 3215595123 3574998548 2400713558
125526714 1332142792 1052674193 3357316436 2983755549 2303063854
1109233430 1523228472 1234478637 3170259180 2805754325 2930330106
490688859 100611967 1766655248 2327883428 3996293323 2524110027
1780147295 1923525801 1900060872 2493848544 2269321025 2652592023
793455434 2064766030 1861739570 3562206341 2246451449 3239628745
1733768699 255131019 443725935 2297088608 2513307620 3987574672
1996612161 1615458822 450834588 2456296742 4206284728 3848855397
1208360839 1417115094 527988518 3169968728 3951985320 4109822089
1220888649 1334438670 1254562864 3078398854 2960544952 2989506761
1922805154 1608505498 1975733536 2909034365 2721613799 2272846535
1289470572 1734032213 1160392680 3003398459 2423588014 2580932870
194661117 695781995 536137504 3806441474 3599578441 3228283101
1429139754 1186470854 636749472 2341800693 3914143027 3634099099
1048311354 819134501 412791625 3381443213 3914185704 3890564275
800888579 1612589936 330074007 3286494331 3018966159 2891010072
515144501 1198874987 585205026 3251306698 2761876609 2623502999
958870437 1048003500 53180201 3352361051 4186750167 4203006174
1409705025 108880692 1470295295 4202370933 4186348747 2854490164
1937693544 1329769341 657250317 2897048727 3773781986 3570599911
1044772760 1105090847 118272168 3350898887 2254496240 3110684496
873022648 247077771 1852304381 2880658227 3779977332 2603224833
2033415328 441738889 400602728 2204900159 2377701878 3931851678
422069185 1870878643 1587073582 4140776498 2438769037 3353623011
1058818657 771706350 258724435 3269666703 3793009201 4034340898
1471610282 1572594929 1871314371 2320046935 2993822502 2558460525
1801684289 2087739430 922705711 2517853623 3398377369 3708862710
239405668 899126219 1970709211 2983908747 3228132368 3139161263
292585869 161347597 2079589903 2632939632 4133652082 2357625328
1762881164 2099041141 1261875597 2496573947 2732745354 2697322243
272647834 996330253 219482796 3953834437 3571282144 3653794902
390920002 1869352902 466560568 4163905669 2492670331 2349912387
95740735 1755284582 908299457 3966440513 2532579495 2715252606
496343463 29870119 631694452 3326755336 3861458523 3659225995
2083417045 1088688776 1403400802 2429793352 2467538146 2895764885
194657832 412815410 828512083 3573925526 3992766437 3734825150
2065972204 67016052 768767866 2832967193 2921685519 3539405973
841194267 306421720 1667894085 2901697761 4257083453 2631266426
664419830 599007589 1829241682 2490220571 3738821182 2463366316
596526086 214405105 1780799175 3193039871 4071780366 2577048265
1858401683 487052939 629645781 2981833528 2830663030 3413859362
2077884479 877972941 351515035 2223427538 2695049750 4010312612
396961399 973713676 2106799617 2915360649 3353235077 2859227382
1305260856 1470057139 2136669737 2591291599 2833560668 2461419861
1936955309 1405990536 1077874865 2361288803 2675101307 3209482062
1192872463 1600648369 1490690276 3095279028 2811871557 3208899499
2021384547 1519136925 1557706328 2211748060 2236649025 2711836987
642668765 212847544 1864128048 3131159330 4078058634 2554473199
163079202 877267374 315651989 4107791820 3265132147 3647832550
1992320885 1473793460 530057094 2168429192 3362247226 3783258361
1625636412 1184711495 1017110034 2803391955 4177697940 3313000622
107798545 1115112327 1895082975 3373512630 3145792632 3474479014
459313580 1512073726 721313004 3292625491 3034519297 2499922753
418629550 669850935 43886495 3877411545 3228607208 3664658545
407815639 459322596 1449877032 2746904608 3969632972 2863960567
