1879536562 1353921585 1250133961 3619984218 1099238447 3097287900 2020148940 1280162911 1773221561
515776346 711441517 1214400520 1417730984 127009977 4271612443 798729178 1367362958 1286005525
15611404 1135163987 812995666 3364848166 711303248 3750109569 1233312954 571932420 162026352
671803761 448727571 1163562182 3248066612 2755196533 684499970 584038331 1937033859 1888398356
2080683116 2130859812 523280193 1247836598 2895811688 1478866551 1244582442 1814337118 1207540838
565857346 1546390032 413978775 1303090132 1533855971 2522883335 1815991307 1419055324 1694141687
1441729220 1934831670 258099556 1526206574 2047626286 2397932076 508646092 586077200 1625462515
1794651617 601688605 613142854 1128878707 1846052259 2299812345 460163635 1835001559 1185075274
622189987 359321672 1633802845 2459862393 1065596347 4231048360 1785752169 943360003 1423353056
1526666878 876559471 1406729221 1770156012 4101284938 3753864943 2049947071 2121141913 1073582691
1110004261 539515611 472489075 3357100850 3909458850 3571502693 1523983037 208023270 1891544399
1070641076 1649752490 1678892421 2785251958 1586927847 1651563070 1328740632 10914935 117485973
806719499 1805566552 719174578 2574808794 2243966536 178431955 1419862354 118246540 406692490
457453980 740436527 766014162 2012042612 2909808196 782636818 2091256826 378705049 1709374166
1367126234 1905371927 438449989 1576808770 3109253513 227668855 626371807 1807835350 412108255
1699954498 770355964 951623866 3322205694 3861031396 3057430268 24959925 146855353 1159647137
1916504324 1217496429 661915979 3205189015 3816563370 3449946864 1447913097 398753413 672830914
1565399071 1205472913 330913819 467129114 3332462210 2300768287 137090001 477851619 449160359
543782491 935305599 1189596886 3424365115 1845660684 3362915956 1309796654 879078777 1568301935
871687172 98721364 1326190214 806585148 1201764790 1866918095 1310137161 725093171 986541917
1722245416 277564022 1756897881 3161334558 308020326 1909400493 526385635 302523947 1903753234
1686032772 71544624 973766015 3310433325 1460424906 3486309280 200465103 1519457721 1372519428
873296018 937373144 430508693 3172006093 2096618 3581402359 1204209837 1074463146 908360312
1653370196 1618245637 1843665912 1963234591 1474496811 3352562437 695483434 780558643 575261041
116301722 1652245815 673982405 3932549822 3886595653 4018697833 1442491936 814899329 1399075577
281550205 389661097 1676639599 882070348 1240429367 4163481765 2038448086 916046732 1979163546
1794717672 454595856 2050708170 871987822 4209549242 2455545746 621000039 655060960 1422682244
1993519468 1528356978 212571740 3817186903 3310120138 2289492875 276544513 585083167 1287034886
1184904826 90969715 757796876 4257026698 1389696705 821943762 881087090 786453149 1538355519
1456348131 902754871 1043117687 3943194875 1063335696 1367286911 2130330537 197763160 1858017016
1381922466 479313365 100194465 1097575039 3532919264 1415243580 911078417 370277804 1016241198
742758315 17511828 1470837054 3043169691 1657344308 3389522865 645982838 638511868 2125898014
2068665082 484547688 1506771344 3258413191 141954933 281996211 133753174 761092201 2091854511
1420788061 1945997027 35340578 3376487641 2950376149 3231663293 31101289 679600469 821793728
1569456808 2135948601 1724548599 179607974 3958037126 4246188341 465090847 2118795490 1922311759
175624215 1353234308 254141477 2979500495 2172926957 2291164771 275818681 116829077 624419281
1292059879 859587392 641931109 2249234363 384614663 3818137594 615413285 1505570230 1280442977
593827652 1426751664 1764990665 1298654584 2350140956 2305207697 2100598996 1560504839 378599219
2044969860 833809252 177112598 3509749474 3609416217 2413581413 2080310438 864910541 856713068
754620518 286883701 845178021 128360176 1779990431 3413068507 331685470 751974549 816489863
106513581 927598764 22240523 297159168 1892695053 1620586857 360655058 1203417445 139069600
985074339 347993676 998656992 1049131458 2426267100 375062016 1627005449 963406962 356743575
759964778 1557234614 1783495239 4062836901 3272286915 3530900222 377471796 1510349962 1196516430
756071015 1407836174 2030325682 1589908827 3144562360 344346286 933183613 1340662965 747752575
1789896681 2095283483 1034636277 681792235 2279127998 1067453269 487591054 279485305 1786610826
1304080917 385998887 566725942 3179279999 3915987303 2090526804 1326321440 746653945 1770143388
1465391040 1731728285 2118137064 3334166770 2827499102 952264327 316564385 1211250086 934060378
673307960 1971214864 343811344 4130310236 2987453269 725393852 309319551 201203012 1854161307
1505835982 957274027 1114513833 426640379 4195931147 4048390095 1388678016 1890457641 307693150
2136430592 1532870674 255492986 1280575944 2820776530 4210241293 1023583221 2020461729 534978291
662710399 1177058998 920977178 1464058211 3445230123 2522378224 1229436341 355896791 1667631124
852096081 1821287831 1251875761 1569769604 3628635949 4116845363 822749498 2137852216 315642199
1756809876 663676528 139373415 2929340316 110944387 2570551453 2100621221 972996080 340576428
1807298880 331348414 1297850455 3719070280 2841699804 3238757604 774329065 1720026430 1040824448
1082022216 1708973374 426211475 2422478033 2525951505 2274404759 1337515202 585072947 299189556
1872493493 1247783346 1476248554 3031460400 3742043996 207444907 645987024 329736040 1832145345
166134500 1181832121 1505949529 969116326 711392738 1933618102 1418010261 2004581619 1496318097
1733652460 1613907848 12510978 1499915431 3293343283 3868729501 1873025875 1567045421 985507058
66118655 1226860653 1316855472 3563141011 1018900505 768970249 1363969111 2001189718 889398254
257309911 935728286 450887981 3843759101 2222096517 4174536544 683521386 125759840 1035960928
982710942 1998253334 136260627 1015005542 1867989026 1725873440 311475849 496756710 465996667
2143621194 662891210 1647828788 3628674282 2206665515 2320209977 1502087075 2080901471 1504926760
850921525 1667070283 971350960 3337622979 4019381459 849165884 863432503 1392612510 390912733
1848939561 1458731166 1617773386 3932830016 1060265369 524552522 1018311385 675216629 1471479456
1907709639 932526540 259724095 270318695 1979347855 4005708064 211113972 1616047927 385483935
1247074901 451275221 236253621 2004191819 24129746 2639653956 1383335528 762751070 733010331
1849332195 758888617 1395901541 3874544101 336811108 3777582251 1349677335 113492044 1329319364
707120447 964413569 848905999 1005437578 145913758 1595658255 1678471407 1827846072 94034862
2069384140 1529301985 1552766028 4053204892 4249379371 904955892 1539673878 400129722 80499009
863669687 160355714 1013025549 3359774764 2391658534 3967739944 1123393782 371469686 481589828
1508877717 1618544587 932865050 751941925 2032274087 98571233 1745131339 854396467 1695616120
330658022 556245014 307021089 4257884310 1124339057 3463993321 1726559564 1905922350 420513134
908395280 465559149 1384926703 1764812530 1429153455 3555286885 1757301280 2144030557 1065289128
1851336142 2065931049 447107465 3281090914 765013797 3072538044 1256618522 1458121280 847237188
1337117531 174307319 1007592902 3385822524 2839528949 631625500 202659432 1297701101 1379062588
684249261 659095170 850123528 917254950 2871667698 2907455685 1617114311 256742861 1704519995
1165246783 587400884 113281362 2583567412 3309804900 1898316049 1472267873 166476800 2019203712
1892781007 1074872080 337279213 1045274725 4044409876 76989857 1130224062 684689712 333826122
48029542 388542206 252273524 2377421791 2334095104 324461578 495137008 1645160728 1710394804
1342374196 834794611 1884702123 2829734693 2446682935 1330093785 202483450 1037454044 1034919576
1581546038 1721703305 1694014746 4152190325 3844779909 3522983624 284185918 1191333968 1950757608
1988705914 209097103 390674844 1931653294 1556284721 573304954 2101987276 1681364976 557151644
1973707340 1426662335 1632023724 3481551 2158998973 848968827 163502905 409402750 169229789
497329028 457432292 557771995 310572077 4191377742 1925575646 749602552 952569300 55449076
312513708 147459848 890243687 3652063721 81005398 1205048234 49732183 349943298 1927697731
1084651759 1931489337 1501917388 379047414 2980946380 1296427988 631182857 68191607 545767708
434456817 2056897521 754864812 814888409 1455289606 1444869294 825131661 2011401149 288746140
1382283305 1837624841 1715408476 3374983702 1263923049 1521391310 866823382 2001127747 2124811226
1036053171 350973127 434759870 779935866 2879774788 4186065881 1593825166 1100575679 1387329171
1649274242 1413089387 1534789019 421642356 1907854756 777986245 392034282 1462821570 1884732318
172248365 399989681 1668738007 2226072795 2533941812 4217994573 1674165754 1031172538 1736929614
72449814 1465629356 1646343488 2892813669 114259243 110954962 827314626 143277369 1510260989
1116060767 1525560675 1200402183 1710214029 3099166857 1212846622 683985595 244900409 1054046282
661313173 1280953580 1405019409 781178073 3426335722 1184222393 1096073043 727295098 358111440
335918566 229085693 1771200827 3321948720 1384244430 3328426600 1870707586 621119975 1086538749
1607956256 793368340 1486528430 1337907103 2615515082 2297872726 1129210615 320050446 370217320
718656581 392500261 1835846676 3926152393 1892698940 850291457 217516421 1219814887 1979124046
1727777411 188392006 1357201073 3641507325 1462497888 3168922912 780695946 872377601 1602101482
1834742228 1533690774 735571414 2105484231 149669254 150622424 1092277989 482280170 1462866512
1450389429 818198736 1691952205 3650647944 1669671280 4282980918 1074106608 541422674 165588532
